7 0.53203125 0.53203125 0.059375 0.2625
7 0.60703125 0.4578125 0.046875 0.19921875
0 0.63046875 0.55234375 0.021875 0.021875
4 0.5140625 0.65234375 0.021875 0.0265625
4 0.546875 0.66484375 0.0296875 0.01875
5 0.53203125 0.378125 0.0171875 0.03359375
0 0.59296875 0.55703125 0.01640625 0.01875
5 0.60859375 0.34375 0.01484375 0.028125
3 0.61171875 0.4484375 0.06328125 0.2484375
6 0.6140625 0.46171875 0.0125 0.021875
6 0.50625 0.52265625 0.0125 0.0234375
3 0.53046875 0.5203125 0.06875 0.32421875
1 0.31796875 0.3921875 0.03046875 0.03671875
2 0.32265625 0.5765625 0.01484375 0.0296875
0 0.29375 0.721875 0.028125 0.028125
0 0.35 0.7078125 0.0328125 0.0296875
8 0.3171875 0.5640625 0.07109375 0.29140625
3 0.32265625 0.55546875 0.09375 0.3765625